-131-

ptg.
159-164. 47.
166. 92.

XIV. 36 sq. 83 sq.

103.
17. 18. 141
37. 38. '
39. 40. 92.
51. 42.
59-62. 36.
86. 92.
87-108. 37.

111 162.

113. 127.
118. 104.
125-128. 137
131. 132. ’
XV-XXI. 7.
Sapphus Epist. 18. 17.
Α11101. Ι 4. 119.
4, 40. 91.
6. 29.
6,.11. 118.
131. 32. 56.
54. 55. 92.
9, 39. 40.
10, 58 64166.
13,1. 2.
11636. 89.
39. 40. 56.
8, 5. -118
11, 31. 92. 89.

18. 10-16. .

1114‚42. 126.
Med. fac. 18. 93. .
60. 45 not.
Art. am. l 187. 188. 90.
233.
825.
471.

268.
346. 346.
346. .
400. 401. 6'1.
561-589. 56.
III 265. 92.
116111. am. 181. 162. 5.
281. 93.

11618111. Ι 117.
526. 192
636.

pag.
748-11408. 80.
772. 93.
11286. 287. 74.
ΙΠ 470. 471. 90.
IV 136. 91.
..99³9- 1...
817. 911106.
IX 451. 90.
529-569. 14.
583. 92.
XII 7. 72
x1n182. 1 ·
918-985. 1666.
738. 92.
Τ1111.Ῑ3. 126.
3, 66. 89.
69. 92.
11341. 91.
881-408. 89sqq.
1119. , 126.
12, 34. 92.
lbid. 259. 260. 74.
400. 90.
439. 821161.
ex Pont. 12, 64 00.
111, 4. 32.
1111, 158. 89.
3, 84. 98.
Fasi. 1 177 -180. 5.
608. 91.
11143. 89.
Ill 20. 91.
488. 93.
1V512. 90.
593. 89.
V 620. 92.
Halieutica 7 not. 3.
49-81. 7.
Persius
V 49.
Lucam
1888. ⁶·
¹luvenal.
V 31-33.
Valer. 31666,
Argon. 111929. 324. 51.
Priscian.
II p. 544, 4Κ. 3.
Scholiasta adlbin 3 11612.
Ioannes
Sarisberiensis
Polycratious Ι. 4-6.
112. 316.

.9*

 

