82.
84.
86. 86.
86.
87. 88.
89. 90.
90.
91-94
93.

99. 100.

106.

108. 109.

116.
121.
128.
131.
133.

136. 136.

136.
140.
141.

141. 142.

143-16

8.

146-168,
, 161-16

161.

’ 167.

X.

XI.

15. 11.
31. 32.
76-160
77. 78.
9Ξ-103
21. 22.
29. 30.
91. 92.
111-11

ΧΠ.

1. 1.
3-0.
11, 12.

7.

6.

15-20.
’ 16.

17.
23.
29-56
35.
39—44
45-—48

{ 1

63. 64. 31.

130 -

8³8·
126.
27.
71.
126,

77.

26 not. 4.
78.
26 not. 4.
78.
27.
91.
78.
98.
87.

121.

41.
91.
78.
121.
78.
28.
43.
78 sq. .
78.
93.
42.
41.
43.

44.

91.

44.

39.

42.

37.

29-33.79-82.
100 sq. 101.

80.

44.

31. 81.

45.

81. 87.

81.

12 not.

81.

91.

81.

67-61. 39.

61.
65.
67· 92
76.

. 1

81.
117.

003 ¹
86. 91.
93. 04. 81.
87.

81.

31.

118.

47.

107.

81.
301101.1;101.
86.

45. 81.
91.

82.

30 not. 2.
41.

41.

91. ’

81.

30.

32 nob.
39.

39 1101. 2.

43.
32.

03.
00-100.
101-103.
103. 104.
101.
100. 110.
111.
113-110.
110-113.
111.
111-113.
113.
110. 130.
130.
111. 111.
133. 184.
188.
188-188.
103.
103.
103-111.
100. 110.
110.
103-113.
180.
100. 100.
101, 101.
103101. ³³·
101. 101.
101.
101.
103.

91.
32.
12 not.

1111.

5-1.
1-14..
13.
10.
3¹· Ιο1.
31. 03.
33.

43. l⁸⁶t
88-84. 41.

93. 118.
93. 94. 88 not. 1.
103-110. 39.
123.114. 41.
130. 104. .
135.

143 181.
149.150. 41.
151-158. 83.
103104. 35
155.156. Ι ’

46.
46.
118.
87.

 

