69.
90.
13.
94.
99.
96.
80.
89. 88.
99-91,

96-194.

101. 109.

103-110

109. 106.
109. 108
109.

111-118.

113. 114.

111-190.

111. 118,
118.
118, 188.
118.
181.
188.
143: 144.
141148.
149.
191. ,
11.

81,
114.
118188.

V.

8188

48-81.

11. 11.
111.
199.
181188.

VI. 99.

49.

91.

99-94.

99. 94.

VII. 11. 18.

81. 81.
188.
181. 188.
181. 188.

VIII.

3.
11.
13.
16.
19.

14⁷·

49.
181.

48.

49. ,
49.

44. 188.
81.

41.

48.

1888. 81-14.

91 sq.
88.
89.

9³8·
99. 99.
18. 199.
31-·39. 99.
88.
45 }99.
49. 90.
4.9-94
99. 99.
99. 18.
94. 99. 99.
81-14, 99.
81. 81.
90. 90.
91. 190.
99. 90.
11. 94.

9³-

11-80. 94 not. 1.

1 83. 84. 44.

IX.

89. 93.
109-110. 39.
111. 99.
119—199. 49.
191. 90.
94-9994-99.
98888.
1. 16.
9. 99.
9. 8.
14-16. 116.
1118.
91. 99. 11. 99.
21. 11 1109. 4.
29. 99. 99.
99. 93.
39-38. 40.
36. 89.
38. 18181. 4.,
40 not.
69. 40. 39.
49. 90.
46. 46. 16.
49-92. 99.
99. 90.
98. 161181. 4.
91. 99. ·
61. 9611884. 11.

6919177

91. 99.
19196.

13. 98. 90.-
14. 196.
91-89. 91.

16. 196.

99. 91.
11-80, 941181. 1.

9

 

